11 2 1
11 2 2
11 2 3
11 2 4
11 2 5
11 2 6
11 2 7
11 2 8
11 2 9
11 2 10
11 2 11
11 2 12
11 2 13
11 2 14
11 2 15
11 2 16
11 2 17
11 2 18
11 2 19
11 2 20
11 2 21
11 2 22
11 2 23
11 2 24
11 2 25
11 10 1
11 10 2
11 10 3
11 10 4
11 10 5
11 10 6
11 10 7
11 10 8
11 10 9
11 10 10
11 10 11
11 10 12
11 10 13
11 10 14
11 10 15
11 10 16
11 10 17
11 10 18
11 10 19
11 10 20
11 10 21
11 10 22
11 10 23
11 10 24
11 10 25
11 30 1
11 30 2
11 30 3
11 30 4
11 30 5
11 30 6
11 30 7
11 30 8
11 30 9
11 30 10
11 30 11
11 30 12
11 30 13
11 30 14
11 30 15
11 30 16
11 30 17
11 30 18
11 30 19
11 30 20
11 30 21
11 30 22
11 30 23
11 30 24
11 30 25
11 50 1
11 50 2
11 50 3
11 50 4
11 50 5
11 50 6
11 50 7
11 50 8
11 50 9
11 50 10
11 50 11
11 50 12
11 50 13
11 50 14
11 50 15
11 50 16
11 50 17
11 50 18
11 50 19
11 50 20
11 50 21
11 50 22
11 50 23
11 50 24
11 50 25
