1 2 2
1 2 3
1 2 4
1 2 5
1 2 6
1 2 7
1 2 8
1 2 9
1 2 10
1 2 11
1 2 12
1 2 13
1 2 14
1 2 15
1 2 16
1 2 17
1 2 18
1 2 19
1 2 20
1 2 21
1 2 22
1 2 23
1 2 24
1 2 25
1 10 1
1 10 2
1 10 3
1 10 4
1 10 5
1 10 6
1 10 7
1 10 8
1 10 9
1 10 10
1 10 11
1 10 12
1 10 13
1 10 14
1 10 15
1 10 16
1 10 17
1 10 18
1 10 19
1 10 20
1 10 21
1 10 22
1 10 23
1 10 24
1 10 25
1 30 1
1 30 2
1 30 3
1 30 4
1 30 5
1 30 6
1 30 7
1 30 8
1 30 9
1 30 10
1 30 11
1 30 12
1 30 13
1 30 14
1 30 15
1 30 16
1 30 17
1 30 18
1 30 19
1 30 20
1 30 21
1 30 22
1 30 23
1 30 24
1 30 25
11 2 1
11 2 2
11 2 3
11 2 4
11 2 5
11 2 6
11 2 7
11 2 8
11 2 9
11 2 10
11 2 11
11 2 12
11 2 13
11 2 14
11 2 15
11 2 16
11 2 17
11 2 18
11 2 19
11 2 20
11 2 21
11 2 22
11 2 23
11 2 24
11 2 25
11 10 1
11 10 2
11 10 3
11 10 4
11 10 5
11 10 6
11 10 7
11 10 8
11 10 9
11 10 10
11 10 11
11 10 12
11 10 13
11 10 14
11 10 15
11 10 16
11 10 17
11 10 18
11 10 19
11 10 20
11 10 21
11 10 22
11 10 23
11 10 24
11 10 25
11 30 1
11 30 2
11 30 3
11 30 4
11 30 5
11 30 6
11 30 7
11 30 8
11 30 9
11 30 10
11 30 11
11 30 12
11 30 13
11 30 14
11 30 15
11 30 16
11 30 17
11 30 18
11 30 19
11 30 20
11 30 21
11 30 22
11 30 23
11 30 24
11 30 25
